D:/ZJUCVresearch/kerasyolo3master/VOCdevkit/VOC2007/JPEGImages/1.jpg 56,47,210,204,0
D:/ZJUCVresearch/kerasyolo3master/VOCdevkit/VOC2007/JPEGImages/10.jpg 1791,33,2262,338,0 1928,253,2355,692,0 2206,255,2587,624,0 801,794,1294,1175,0 1557,1099,1865,1368,0 1848,980,2099,1229,0 2257,990,2501,1236,0 913,1802,1370,2112,0 177,2058,438,2243,0 333,2258,550,2409,0 494,2126,706,2363,0 962,2080,1243,2302,0 1643,2099,2215,2448,0 2016,1870,2530,2375,0 2445,1792,2760,1992,0 2499,1977,2770,2226,0 2691,2124,2952,2392,0 2904,2075,3201,2419,0 3094,1080,3264,1355,0
D:/ZJUCVresearch/kerasyolo3master/VOCdevkit/VOC2007/JPEGImages/11.jpg 1811,24,2230,380,0 1974,316,2313,687,0 2248,270,2801,748,0 728,763,1277,1238,0 1489,1048,1862,1375,0 1840,953,2213,1268,0 2001,1770,2460,2321,0 1630,2058,2204,2448,0 179,2060,404,2243,0 311,2194,523,2407,0 494,2116,774,2348,0 877,1985,1287,2370,0 2457,1726,2733,1997,0 2438,1936,2752,2231,0 2655,2119,2933,2404,0 2838,2021,3184,2397,0 3052,1048,3264,1368,0 2252,1009,2496,1241,0 950,1792,1330,2146,0
D:/ZJUCVresearch/kerasyolo3master/VOCdevkit/VOC2007/JPEGImages/12.jpg 1082,57,1195,146,0 596,351,697,460,0 750,429,827,527,0 802,380,886,458,0 879,490,957,579,0 857,602,969,700,0 1026,263,1144,388,0 1369,517,1463,614,0 1224,428,1299,518,0 1124,681,1212,777,0 1670,395,1795,486,0 2076,389,2230,553,0 415,980,552,1092,0 739,952,831,1025,0 826,986,921,1070,0 1007,943,1121,1028,0 612,1173,763,1266,0 448,1341,577,1420,0 462,1440,606,1520,0 392,1495,518,1599,0 1067,1274,1173,1384,0 922,1620,1001,1678,0 875,1597,954,1650,0 1324,970,1486,1106,0 1316,1274,1460,1379,0 1366,1417,1514,1558,0 1544,1404,1670,1523,0 1774,1177,1897,1314,0 2005,1182,2137,1313,0 1814,1441,1998,1599,0 2240,1541,2416,1660,0 370,1624,468,1700,0 479,1635,578,1721,0 488,1950,555,2014,0 626,1862,713,1937,0 529,1932,607,2036,0 724,2009,788,2088,0 817,1937,888,1998,0 921,1908,1007,1978,0 898,1969,978,2051,0 1064,1950,1141,2029,0 2196,1648,2365,1779,0 2022,1809,2217,1977,0 1840,1989,2126,2162,0 1840,2293,2002,2394,0 1607,1998,1731,2093,0 1712,2109,1820,2184,0 1020,2179,1108,2255,0 1069,2240,1156,2317,0 1179,2270,1247,2336,0 1281,2284,1355,2344,0 1108,2355,1167,2401,0
D:/ZJUCVresearch/kerasyolo3master/VOCdevkit/VOC2007/JPEGImages/13.jpg 615,366,698,460,0 763,440,849,503,0 825,391,891,464,0 894,497,972,569,0 1097,51,1215,146,0 1044,272,1168,378,0 1226,439,1334,521,0 1379,530,1462,622,0 1691,396,1782,496,0 1767,401,1859,478,0 2075,405,2242,548,0 2381,150,2517,286,0 748,948,848,1034,0 833,987,914,1073,0 428,983,562,1072,0 626,1175,752,1272,0 956,955,1036,1036,0 1020,946,1115,1035,0 1333,973,1493,1112,0 1134,688,1222,768,0 1239,794,1333,870,0 1782,1178,1910,1317,0 1996,1174,2154,1324,0 464,1335,583,1427,0 460,1435,602,1536,0 403,1510,569,1598,0 375,1614,483,1708,0 469,1628,599,1730,0 925,1626,1011,1692,0 887,1610,972,1665,0 1071,1284,1181,1378,0 1336,1271,1480,1417,0 1378,1435,1530,1570,0 1543,1404,1687,1529,0 1823,1460,2004,1601,0 2249,1545,2418,1677,0 2197,1657,2397,1776,0 490,1944,578,2023,0 539,1955,634,2051,0 614,1867,704,1943,0 815,1931,900,2017,0 738,2026,795,2080,0 777,2020,823,2094,0 904,1970,975,2059,0 923,1920,1019,1990,0 1075,1970,1148,2043,0 1079,1894,1155,1961,0 1017,2168,1136,2264,0 1601,2011,1743,2129,0 1882,1988,2067,2166,0 2555,2038,2725,2159,0 1289,2294,1362,2347,0 1191,2284,1258,2346,0 1084,2252,1152,2317,0 1114,2354,1180,2422,0
D:/ZJUCVresearch/kerasyolo3master/VOCdevkit/VOC2007/JPEGImages/14.jpg 842,274,1011,450,0 959,290,1138,482,0
D:/ZJUCVresearch/kerasyolo3master/VOCdevkit/VOC2007/JPEGImages/15.jpg 872,272,1035,448,0 1006,270,1160,475,0
D:/ZJUCVresearch/kerasyolo3master/VOCdevkit/VOC2007/JPEGImages/16.jpg 2224,34,2564,354,0 1798,389,1977,574,0 1684,358,1834,531,0 2231,1657,2344,1765,0 2459,2220,2502,2255,0 2467,1695,2504,1740,0 2499,1935,2548,1979,0 1716,1435,1824,1511,0 1551,1478,1633,1534,0 1558,2336,1658,2418,0 2182,2264,2269,2350,0
D:/ZJUCVresearch/kerasyolo3master/VOCdevkit/VOC2007/JPEGImages/17.jpg 1370,33,1593,250,0 1488,91,1751,330,0
D:/ZJUCVresearch/kerasyolo3master/VOCdevkit/VOC2007/JPEGImages/18.jpg 1391,48,1574,268,0 1511,119,1750,333,0
D:/ZJUCVresearch/kerasyolo3master/VOCdevkit/VOC2007/JPEGImages/19.jpg 857,716,1082,914,0 740,361,840,471,0 840,384,936,479,0 1022,376,1122,483,0 1630,230,1960,556,0 1740,48,2036,279,0 1900,188,2236,502,0 2023,1,2441,273,0 1720,607,2057,853,0 2413,1,2947,331,0 2611,1172,3046,1527,0 1354,1187,1556,1363,0 1531,1168,1759,1312,0 1458,1042,1663,1183,0 1693,1713,1983,1898,0 1880,1880,2125,2079,0 1903,2085,2233,2338,0 2643,1817,3109,2205,0
D:/ZJUCVresearch/kerasyolo3master/VOCdevkit/VOC2007/JPEGImages/2.jpg 62,18,208,160,0
D:/ZJUCVresearch/kerasyolo3master/VOCdevkit/VOC2007/JPEGImages/20.jpg 732,337,830,453,0 838,368,940,472,0 1015,360,1140,480,0 859,707,1054,887,0 1179,759,1428,967,0 1017,856,1327,1055,0 1612,232,1979,559,0 1753,612,2018,860,0 1905,217,2274,519,0 1692,25,2048,294,0 1993,1,2456,259,0 2466,1,2841,368,0 2634,1166,2915,1498,0 1379,1195,1538,1332,0 1551,1167,1714,1335,0 1460,1022,1683,1175,0 1541,922,1735,1103,0 1683,1680,1942,1905,0 1846,1856,2132,2058,0 1885,2057,2234,2329,0 2641,1852,3045,2162,0
D:/ZJUCVresearch/kerasyolo3master/VOCdevkit/VOC2007/JPEGImages/21.jpg 310,35,624,283,0 90,603,257,767,0 433,535,678,732,0 576,792,795,1015,0 758,756,914,975,0 860,720,1066,904,0 1316,763,1495,935,0 1101,358,1356,548,0 1481,272,1689,497,0 1921,811,2078,969,0 1857,939,2071,1119,0 2336,1358,2519,1504,0 1456,1533,1763,1739,0 1289,2141,1478,2320,0 1599,1242,1892,1473,0 127,1098,265,1212,0 177,1484,262,1559,0 278,1506,401,1614,0 292,1435,440,1513,0 505,1436,640,1540,0 538,1673,637,1758,0 607,1731,736,1828,0 1127,1459,1264,1618,0
D:/ZJUCVresearch/kerasyolo3master/VOCdevkit/VOC2007/JPEGImages/22.jpg 1824,689,2040,836,0 2043,480,2236,651,0 2077,418,2283,536,0 1209,1015,1418,1180,0 1715,1673,1990,1895,0 1504,1872,1732,2076,0 434,1513,629,1679,0
D:/ZJUCVresearch/kerasyolo3master/VOCdevkit/VOC2007/JPEGImages/23.jpg 1801,637,2035,842,0 2033,476,2269,632,0 2102,402,2288,524,0 2753,11,2896,118,0 1721,1673,2047,1946,0 1495,1866,1708,2072,0 1279,2221,1464,2369,0 427,1511,598,1665,0
D:/ZJUCVresearch/kerasyolo3master/VOCdevkit/VOC2007/JPEGImages/24.jpg 528,1,885,198,0 548,535,794,704,0 1642,493,1859,700,0 1864,406,2094,590,0 1415,1795,1543,1931,0 1703,1655,1851,1776,0 1753,1887,1983,2073,0
D:/ZJUCVresearch/kerasyolo3master/VOCdevkit/VOC2007/JPEGImages/25.jpg 941,361,1090,492,0 1115,294,1232,431,0 1393,789,1446,829,0 1413,952,1467,997,0 1640,900,1704,942,0 2302,1,2535,166,0 1634,935,1684,978,0 1529,976,1584,1017,0 1467,1000,1516,1052,0 1526,1014,1591,1064,0 1406,989,1461,1032,0 2325,807,2375,840,0 2399,899,2473,954,0 1412,1258,1498,1329,0 1237,1468,1298,1523,0 1298,1402,1371,1457,0 1593,1541,1646,1587,0 1666,1457,1740,1498,0 1680,1498,1741,1545,0 1545,1702,1613,1757,0 1806,1971,1890,2046,0 1813,1938,1904,1994,0
D:/ZJUCVresearch/kerasyolo3master/VOCdevkit/VOC2007/JPEGImages/26.jpg 1295,322,1419,413,0 1157,422,1291,536,0 1310,868,1433,959,0 1516,42,1680,168,0 1691,885,1826,986,0 2017,577,2153,660,0 2175,1458,2330,1567,0 2190,1388,2340,1488,0 1542,1357,1644,1443,0 1534,1444,1643,1535,0 1625,1424,1718,1496,0 1206,1632,1322,1715,0 1257,1656,1360,1757,0 2061,1685,2188,1802,0 2044,1830,2144,1934,0 1937,1775,2047,1886,0 2413,1781,2551,1914,0
D:/ZJUCVresearch/kerasyolo3master/VOCdevkit/VOC2007/JPEGImages/27.jpg 992,867,1059,921,0 948,935,1019,998,0 1246,420,1364,508,0 1297,521,1381,598,0 1362,584,1436,666,0 1241,679,1326,748,0 1511,180,1669,269,0 1471,270,1568,353,0 1570,476,1673,566,0 1359,957,1489,1053,0 1947,392,2047,481,0 2031,410,2132,496,0 2015,543,2130,628,0 2677,315,2759,411,0 2455,1597,2558,1687,0 2459,1690,2557,1768,0 2424,2013,2521,2148,0 2508,1995,2645,2101,0 2395,1829,2514,1929,0 2238,2372,2362,2448,0 1954,2289,2052,2396,0 2013,1955,2141,2054,0 1808,1421,1918,1513,0 1895,1433,2005,1517,0 1962,1529,2042,1606,0 1855,1541,1959,1633,0 1785,1581,1878,1696,0 1665,1701,1796,1798,0 1422,1723,1536,1824,0 1103,1754,1213,1850,0 920,1942,975,1987,0 886,1945,922,1984,0 903,1981,946,2023,0 1344,2277,1403,2324,0 1229,2406,1285,2448,0
D:/ZJUCVresearch/kerasyolo3master/VOCdevkit/VOC2007/JPEGImages/28.jpg 889,1114,1070,1304,0 1040,1075,1252,1241,0 1450,324,1699,516,0 2482,153,2679,326,0 2770,24,2933,221,0 152,1651,374,1807,0 972,1272,1172,1412,0 1106,1500,1269,1616,0 1440,1689,1579,1839,0 2500,1910,2583,1984,0 1926,2248,2232,2427,0
D:/ZJUCVresearch/kerasyolo3master/VOCdevkit/VOC2007/JPEGImages/29.jpg 1499,312,1709,536,0 2509,129,2694,297,0 2760,38,3016,251,0 909,1097,1109,1263,0 1038,1024,1216,1136,0 1065,1077,1318,1277,0 999,1255,1294,1438,0 201,1638,387,1809,0 1109,1487,1277,1626,0 1977,2258,2204,2429,0
D:/ZJUCVresearch/kerasyolo3master/VOCdevkit/VOC2007/JPEGImages/3.jpg 3,3,233,200,0
D:/ZJUCVresearch/kerasyolo3master/VOCdevkit/VOC2007/JPEGImages/30.jpg 1536,836,1731,958,0 1378,935,1543,1089,0 1989,595,2180,777,0 2122,527,2327,683,0 2473,311,2671,497,0 2021,216,2226,373,0 2577,1153,2787,1306,0 2620,1337,2815,1457,0 2055,1585,2209,1714,0 1534,1477,1636,1601,0 1621,1462,1745,1580,0 1680,2239,1815,2356,0 1798,2195,1931,2301,0 1845,2282,1988,2421,0 1405,2110,1527,2219,0
D:/ZJUCVresearch/kerasyolo3master/VOCdevkit/VOC2007/JPEGImages/31.jpg 1010,347,1141,471,0 1129,306,1277,461,0 609,406,698,497,0 1179,1084,1301,1208,0 1326,1110,1472,1219,0 1295,1058,1403,1157,0 1390,1072,1531,1184,0 1579,441,1741,588,0 2145,25,2308,168,0 2159,1282,2341,1419,0 2189,1179,2395,1321,0 1306,1218,1435,1355,0 1426,1182,1519,1297,0 2020,1597,2136,1725,0 1978,1589,2088,1678,0 1816,1676,1948,1818,0 1969,1656,2072,1769,0 1956,1762,2093,1884,0 2442,1720,2569,1855,0 808,1379,950,1480,0 897,1437,1053,1563,0
D:/ZJUCVresearch/kerasyolo3master/VOCdevkit/VOC2007/JPEGImages/32.jpg 976,546,1077,640,0 1035,5,1097,55,0 1163,1,1234,52,0 1304,612,1404,723,0 1608,365,1687,461,0 1342,744,1424,818,0 1405,806,1513,888,0 1271,902,1369,979,0 1016,902,1062,938,0 1654,695,1735,769,0 2136,588,2253,691,0 2234,621,2321,706,0 2185,747,2294,848,0 2360,1583,2463,1669,0 2114,1864,2225,1964,0 2004,1836,2109,1968,0 2879,2129,2990,2228,0 2049,2013,2184,2139,0 1841,2228,1986,2361,0 1560,1515,1701,1612,0 1634,1637,1726,1723,0 1810,1558,1899,1651,0 1794,1664,1897,1750,0 1426,1247,1511,1321,0 980,1087,1063,1166,0 938,1176,1021,1251,0 1096,1398,1160,1466,0 1106,2179,1216,2288,0 905,2273,952,2314,0 868,2278,913,2315,0 881,2312,943,2357,0
D:/ZJUCVresearch/kerasyolo3master/VOCdevkit/VOC2007/JPEGImages/33.jpg 819,697,851,733,0 976,1776,1075,1867,0 1304,1844,1410,1950,0 987,2339,1064,2419,0 1341,1968,1431,2058,0 1407,2019,1509,2123,0 1584,1543,1674,1635,0 1537,1626,1613,1710,0 1653,1830,1738,1918,0 2110,1743,2213,1869,0 2193,1758,2307,1873,0 2177,1899,2297,2004,0 2977,1621,3118,1772,0 1291,2133,1384,2221,0
D:/ZJUCVresearch/kerasyolo3master/VOCdevkit/VOC2007/JPEGImages/34.jpg 1418,507,2060,1102,0 1257,1048,2016,1658,0 362,2012,1192,2448,0
D:/ZJUCVresearch/kerasyolo3master/VOCdevkit/VOC2007/JPEGImages/35.jpg 1440,512,2106,1136,0 1294,1051,2026,1641,0 382,2024,1093,2448,0
D:/ZJUCVresearch/kerasyolo3master/VOCdevkit/VOC2007/JPEGImages/36.jpg 1490,494,1517,518,0 1769,884,1809,931,0 1809,869,1860,913,0 1816,966,1868,1014,0 1128,905,1163,943,0 1150,893,1191,923,0 1158,947,1203,985,0 1269,891,1309,932,0 1153,1127,1195,1154,0 1161,1151,1198,1180,0 1494,1084,1558,1139,0 1862,1157,1912,1219,0 1905,1133,1966,1191,0 2044,943,2087,980,0 2102,1469,2195,1565,0 2174,1432,2238,1487,0 2024,1580,2132,1673,0 1470,1333,1537,1390,0 1534,1274,1590,1314,0 1558,1314,1618,1371,0 1335,1371,1395,1417,0 1326,1405,1376,1451,0 1318,1697,1437,1801,0 1771,1698,1912,1839,0 2278,1731,2406,1816,0 2990,1586,3147,1727,0 3113,1619,3253,1758,0 3047,1838,3227,1975,0 2122,1943,2224,2036,0 1923,1941,2087,2072,0 1827,1863,1944,1969,0 1340,2132,1425,2219,0 1390,2203,1476,2279,0 2209,2151,2321,2229,0 2860,2104,3050,2290,0
D:/ZJUCVresearch/kerasyolo3master/VOCdevkit/VOC2007/JPEGImages/37.jpg 1555,632,1732,806,0 1438,800,1590,949,0 1459,511,1617,641,0 2494,1799,2741,2037,0
D:/ZJUCVresearch/kerasyolo3master/VOCdevkit/VOC2007/JPEGImages/38.jpg 1958,144,2100,266,0 2899,198,3160,449,0 1979,650,2101,772,0 2101,695,2193,806,0 2207,677,2331,778,0 2267,766,2381,849,0 1418,717,1571,847,0 1019,1118,1083,1173,0 1098,1204,1146,1253,0 996,1264,1043,1309,0 1035,1263,1101,1312,0 1009,1307,1065,1358,0 1147,1221,1189,1270,0 1426,1139,1482,1193,0 1335,1052,1387,1097,0 1265,1024,1316,1081,0 1403,1049,1450,1083,0 1448,1113,1489,1149,0 1648,1132,1702,1189,0 1533,1095,1593,1147,0 1387,1191,1433,1232,0 1449,1175,1501,1221,0 1418,1285,1469,1326,0 1359,1547,1434,1598,0 1367,1647,1436,1703,0 1716,1506,1765,1555,0 1731,1715,1799,1778,0 1560,1671,1628,1728,0 1550,1775,1617,1829,0 1832,1763,1901,1818,0 1923,1875,1982,1927,0 1862,1856,1920,1910,0 1293,1971,1354,2017,0 1270,1962,1313,2000,0 1132,1927,1187,1985,0 1396,2049,1452,2089,0 1409,2080,1453,2123,0 1434,2256,1474,2293,0 1520,2352,1552,2390,0 1548,2357,1587,2391,0 3011,1551,3233,1758,0
D:/ZJUCVresearch/kerasyolo3master/VOCdevkit/VOC2007/JPEGImages/4.jpg 100,4,250,121,0
D:/ZJUCVresearch/kerasyolo3master/VOCdevkit/VOC2007/JPEGImages/40.jpg 1930,2301,1959,2322,0 1968,2367,1993,2388,0 1965,2346,1993,2367,0 2007,2365,2031,2391,0
D:/ZJUCVresearch/kerasyolo3master/VOCdevkit/VOC2007/JPEGImages/41.jpg 2335,558,2567,768,0 2433,397,2774,641,0 1682,171,1750,232,0 1789,40,1863,98,0 1781,100,1854,156,0 1710,229,1777,287,0 1850,788,1938,870,0 1276,851,1355,917,0 1511,1035,1580,1095,0 1611,1426,1678,1484,0 1125,1822,1151,1849,0 1274,1739,1309,1774,0 1295,1761,1335,1796,0 1374,1879,1412,1908,0 1415,1916,1458,1955,0 1420,1887,1463,1925,0 1297,1882,1338,1927,0 1770,2273,1924,2380,0 1744,2348,1903,2448,0 2226,1648,2318,1735,0 1932,1050,2045,1152,0 1893,2383,2014,2448,0
D:/ZJUCVresearch/kerasyolo3master/VOCdevkit/VOC2007/JPEGImages/42.jpg 1013,894,1191,1036,0 938,985,1101,1131,0 1482,751,1709,958,0 1377,275,1504,397,0 1645,185,1784,336,0 1772,194,1921,324,0 1865,1,2045,163,0 2011,24,2165,197,0 1952,131,2123,285,0 1306,1829,1465,1990,0 2779,712,3055,999,0 2613,570,2852,768,0 2474,716,2701,916,0 2879,536,3018,672,0 2984,1031,3213,1214,0 3062,1087,3264,1363,0 2028,1536,2201,1697,0 1191,1577,1343,1697,0 1172,1524,1262,1607,0 2272,72,2428,207,0 2309,1,2482,107,0 1506,477,1665,577,0
D:/ZJUCVresearch/kerasyolo3master/VOCdevkit/VOC2007/JPEGImages/43.jpg 2506,1916,2791,2153,0 2867,1790,3126,2019,0 2213,807,2340,919,0 2933,182,3040,258,0 2918,251,2994,321,0 2789,287,2904,380,0 2709,343,2840,448,0 1507,336,1569,392,0 1651,1024,1752,1110,0 1717,1580,1819,1673,0 1314,1870,1366,1914,0 1438,1914,1488,1959,0 1389,1861,1444,1914,0 1451,1881,1507,1927,0
D:/ZJUCVresearch/kerasyolo3master/VOCdevkit/VOC2007/JPEGImages/44.jpg 1489,364,1551,415,0 1367,304,1416,345,0 2188,820,2330,940,0 2725,355,2810,451,0 2885,281,2969,366,0 2916,203,3049,308,0 2779,304,2891,414,0 2591,285,2729,392,0 2032,646,2130,718,0 1649,1057,1738,1130,0 1716,1620,1807,1691,0 1691,1489,1789,1563,0 1299,1899,1347,1944,0 1376,1900,1419,1951,0 1426,1951,1477,1991,0 1437,1909,1501,1961,0 1535,2344,1591,2410,0 2478,1944,2764,2194,0 2820,1821,3088,2032,0
D:/ZJUCVresearch/kerasyolo3master/VOCdevkit/VOC2007/JPEGImages/45.jpg 1002,611,1065,667,0 1177,440,1238,496,0 1947,630,2011,681,0 1170,657,1210,694,0 2063,628,2117,674,0 1655,910,1760,984,0 1945,1187,2043,1252,0 1932,1132,2014,1206,0 1537,1456,1604,1510,0 1587,1310,1657,1361,0 1354,1110,1428,1160,0 1110,993,1169,1039,0 1055,996,1109,1045,0 1277,1550,1350,1605,0 1439,1333,1477,1369,0 1422,1342,1450,1377,0 1463,1212,1519,1261,0 931,1201,986,1252,0 1023,1250,1081,1300,0 1491,1636,1551,1685,0 1627,1665,1672,1713,0 1626,1751,1668,1798,0 1780,1717,1846,1767,0 1785,1763,1849,1816,0 1244,2252,1271,2277,0 1273,2275,1306,2313,0 1306,2276,1340,2303,0 2088,2199,2221,2314,0 2060,2289,2187,2380,0 1903,2406,2028,2448,0 1623,2096,1662,2129,0
D:/ZJUCVresearch/kerasyolo3master/VOCdevkit/VOC2007/JPEGImages/46.jpg 420,1519,473,1569,0 530,1770,594,1829,0 343,1729,405,1789,0 220,1870,278,1923,0 313,1869,373,1919,0 980,1324,1021,1369,0 863,1570,933,1629,0 784,1673,835,1723,0 676,1804,753,1860,0 756,1156,825,1216,0 1190,1133,1243,1180,0 1326,1206,1395,1264,0 1609,1069,1670,1124,0 864,1443,935,1501,0 2180,971,2231,1021,0 2107,1242,2172,1306,0 2158,1470,2235,1530,0 1504,1360,1557,1413,0 1965,1615,2028,1674,0 2138,1625,2207,1678,0 2205,1735,2270,1788,0 1859,1741,1922,1794,0 182,2036,223,2088,0 216,2035,263,2091,0 266,2038,324,2087,0 784,2153,863,2232,0 852,2142,929,2208,0 1061,1843,1132,1920,0 1158,1882,1234,1945,0 1372,2215,1421,2266,0 1730,1815,1791,1871,0
D:/ZJUCVresearch/kerasyolo3master/VOCdevkit/VOC2007/JPEGImages/47.jpg 1499,441,1580,507,0 2105,21,2214,102,0 2303,43,2438,162,0 2244,118,2347,214,0 1987,863,2055,941,0 2063,803,2160,887,0 2824,556,2938,667,0 2885,511,3005,606,0 3041,362,3173,472,0 3011,452,3111,539,0 2236,1089,2360,1204,0 2279,1023,2413,1111,0 2459,1576,2613,1717,0 1624,1236,1727,1339,0 1302,2020,1357,2072,0 2331,1485,2431,1585,0 1701,1861,1809,1948,0
D:/ZJUCVresearch/kerasyolo3master/VOCdevkit/VOC2007/JPEGImages/48.jpg 868,381,934,436,0 1107,225,1180,302,0 1386,131,1458,207,0 1200,404,1277,470,0 1586,255,1663,323,0 1922,219,1986,286,0 1559,394,1643,464,0 1405,423,1468,508,0 2158,101,2221,168,0 2341,342,2424,417,0 2094,651,2174,721,0 923,933,988,1006,0 1273,1079,1333,1127,0 1059,1271,1134,1346,0 2197,1134,2278,1193,0 2350,1137,2430,1206,0 982,1484,1045,1540,0 1851,1467,1975,1585,0 2383,1586,2458,1658,0 2276,1773,2376,1848,0 2300,1844,2447,1938,0 1768,2350,1865,2426,0 1828,2140,1905,2216,0 1497,1855,1581,1915,0 1347,1889,1417,1948,0 1119,1753,1191,1812,0 1194,1737,1250,1791,0 1659,2032,1722,2105,0 931,2008,1002,2064,0
D:/ZJUCVresearch/kerasyolo3master/VOCdevkit/VOC2007/JPEGImages/49.jpg 247,878,417,1024,0 2493,2,2589,81,0 696,1759,817,1848,0 684,1856,776,1946,0 763,1907,869,1979,0 745,1951,864,2038,0 1158,1961,1299,2099,0 1014,2234,1173,2355,0
D:/ZJUCVresearch/kerasyolo3master/VOCdevkit/VOC2007/JPEGImages/5.jpg 8,8,158,153,0
D:/ZJUCVresearch/kerasyolo3master/VOCdevkit/VOC2007/JPEGImages/50.jpg 131,640,193,710,0 201,654,275,732,0 173,727,264,800,0 957,717,1023,783,0 1098,571,1194,663,0 1732,892,1822,971,0 1528,974,1603,1042,0 1753,771,1810,815,0 1738,657,1806,735,0 1875,408,1943,470,0 1774,42,1891,118,0 1994,700,2043,757,0 2299,868,2389,957,0 2222,743,2256,780,0 2205,567,2232,600,0 2179,549,2206,580,0 2118,504,2166,543,0 2304,596,2337,639,0 2330,580,2373,627,0 2493,704,2537,744,0 2514,727,2561,771,0 2568,290,2644,339,0 2441,437,2480,474,0 2168,345,2207,388,0 2287,314,2325,344,0 2355,1139,2437,1211,0 2573,1340,2672,1430,0 2387,1673,2512,1782,0 1755,1337,1847,1427,0 1530,1154,1601,1231,0 1712,1306,1768,1362,0 1873,1625,1960,1696,0 1682,1719,1797,1808,0 2422,2131,2529,2221,0 2041,2218,2176,2338,0 2304,2842,2416,2944,0 2574,3180,2698,3310,0 2089,3454,2174,3548,0 1138,1825,1264,1948,0 1161,1752,1288,1857,0 1289,2230,1375,2301,0 1082,2124,1187,2221,0 547,1976,660,2079,0 185,1694,264,1776,0 247,1664,348,1777,0 331,1405,434,1510,0 700,1320,814,1424,0 1166,1340,1261,1438,0 356,1144,449,1223,0 694,1039,757,1113,0 599,986,680,1056,0
